   9.8695e+00
   3.9477e+01
   8.8819e+01
   1.5789e+02
   2.4668e+02
   3.5519e+02
   4.8339e+02
   6.3129e+02
   7.9885e+02
   9.8606e+02
   1.1929e+03
   1.4194e+03
   1.6654e+03
   1.9310e+03
   2.2161e+03
   2.5207e+03
   2.8448e+03
   3.1883e+03
   3.5512e+03
   3.9334e+03
   4.3350e+03
   4.7558e+03
   5.1958e+03
   5.6550e+03
   6.1334e+03
   6.6307e+03
   7.1471e+03
   7.6825e+03
   8.2367e+03
   8.8098e+03
   9.4017e+03
   1.0012e+04
   1.0641e+04
   1.1289e+04
   1.1956e+04
   1.2640e+04
   1.3343e+04
   1.4065e+04
   1.4804e+04
   1.5562e+04
   1.6338e+04
   1.7131e+04
   1.7943e+04
   1.8772e+04
   1.9619e+04
   2.0483e+04
   2.1365e+04
   2.2265e+04
   2.3182e+04
   2.4115e+04
   2.5066e+04
   2.6034e+04
   2.7019e+04
   2.8021e+04
   2.9039e+04
   3.0074e+04
   3.1125e+04
   3.2193e+04
   3.3277e+04
   3.4377e+04
   3.5493e+04
   3.6625e+04
   3.7772e+04
   3.8935e+04
   4.0114e+04
   4.1308e+04
   4.2517e+04
   4.3741e+04
   4.4980e+04
   4.6234e+04
   4.7503e+04
   4.8786e+04
   5.0083e+04
   5.1395e+04
   5.2721e+04
   5.4061e+04
   5.5414e+04
   5.6782e+04
   5.8162e+04
   5.9556e+04
   6.0964e+04
   6.2384e+04
   6.3818e+04
   6.5264e+04
   6.6722e+04
   6.8193e+04
   6.9677e+04
   7.1172e+04
   7.2680e+04
   7.4199e+04
   7.5729e+04
   7.7272e+04
   7.8825e+04
   8.0390e+04
   8.1965e+04
   8.3551e+04
   8.5148e+04
   8.6755e+04
   8.8373e+04
   9.0000e+04
   9.1637e+04
   9.3284e+04
   9.4941e+04
   9.6607e+04
   9.8282e+04
   9.9966e+04
   1.0166e+05
   1.0336e+05
   1.0507e+05
   1.0679e+05
   1.0851e+05
   1.1025e+05
   1.1199e+05
   1.1374e+05
   1.1549e+05
   1.1726e+05
   1.1903e+05
   1.2080e+05
   1.2259e+05
   1.2438e+05
   1.2617e+05
   1.2797e+05
   1.2978e+05
   1.3159e+05
   1.3341e+05
   1.3524e+05
   1.3706e+05
   1.3890e+05
   1.4073e+05
   1.4258e+05
   1.4442e+05
   1.4627e+05
   1.4812e+05
   1.4998e+05
   1.5184e+05
   1.5371e+05
   1.5557e+05
   1.5744e+05
   1.5931e+05
   1.6118e+05
   1.6306e+05
   1.6494e+05
   1.6682e+05
   1.6870e+05
   1.7058e+05
   1.7246e+05
   1.7435e+05
   1.7623e+05
   1.7812e+05
   1.8000e+05
   1.8188e+05
   1.8377e+05
   1.8565e+05
   1.8754e+05
   1.8942e+05
   1.9130e+05
   1.9318e+05
   1.9506e+05
   1.9694e+05
   1.9882e+05
   2.0069e+05
   2.0256e+05
   2.0443e+05
   2.0629e+05
   2.0816e+05
   2.1002e+05
   2.1188e+05
   2.1373e+05
   2.1558e+05
   2.1742e+05
   2.1927e+05
   2.2110e+05
   2.2294e+05
   2.2476e+05
   2.2659e+05
   2.2841e+05
   2.3022e+05
   2.3203e+05
   2.3383e+05
   2.3562e+05
   2.3741e+05
   2.3920e+05
   2.4097e+05
   2.4274e+05
   2.4451e+05
   2.4626e+05
   2.4801e+05
   2.4975e+05
   2.5149e+05
   2.5321e+05
   2.5493e+05
   2.5664e+05
   2.5834e+05
   2.6003e+05
   2.6172e+05
   2.6339e+05
   2.6506e+05
   2.6672e+05
   2.6836e+05
   2.7000e+05
   2.7163e+05
   2.7324e+05
   2.7485e+05
   2.7645e+05
   2.7804e+05
   2.7961e+05
   2.8118e+05
   2.8273e+05
   2.8427e+05
   2.8580e+05
   2.8732e+05
   2.8883e+05
   2.9032e+05
   2.9181e+05
   2.9328e+05
   2.9474e+05
   2.9618e+05
   2.9762e+05
   2.9904e+05
   3.0044e+05
   3.0184e+05
   3.0322e+05
   3.0459e+05
   3.0594e+05
   3.0728e+05
   3.0861e+05
   3.0992e+05
   3.1121e+05
   3.1250e+05
   3.1377e+05
   3.1502e+05
   3.1626e+05
   3.1748e+05
   3.1869e+05
   3.1989e+05
   3.2106e+05
   3.2223e+05
   3.2338e+05
   3.2451e+05
   3.2562e+05
   3.2672e+05
   3.2781e+05
   3.2887e+05
   3.2993e+05
   3.3096e+05
   3.3198e+05
   3.3298e+05
   3.3397e+05
   3.3493e+05
   3.3588e+05
   3.3682e+05
   3.3774e+05
   3.3863e+05
   3.3952e+05
   3.4038e+05
   3.4123e+05
   3.4206e+05
   3.4287e+05
   3.4366e+05
   3.4444e+05
   3.4520e+05
   3.4594e+05
   3.4666e+05
   3.4736e+05
   3.4804e+05
   3.4871e+05
   3.4936e+05
   3.4999e+05
   3.5060e+05
   3.5119e+05
   3.5176e+05
   3.5232e+05
   3.5285e+05
   3.5337e+05
   3.5387e+05
   3.5434e+05
   3.5480e+05
   3.5524e+05
   3.5567e+05
   3.5607e+05
   3.5645e+05
   3.5681e+05
   3.5716e+05
   3.5748e+05
   3.5778e+05
   3.5807e+05
   3.5833e+05
   3.5858e+05
   3.5881e+05
   3.5901e+05
   3.5920e+05
   3.5937e+05
   3.5952e+05
   3.5964e+05
   3.5975e+05
   3.5984e+05
   3.5991e+05
   3.5996e+05
   3.5999e+05

