   9.8692e+00
   3.9473e+01
   8.8797e+01
   1.5782e+02
   2.4651e+02
   3.5484e+02
   4.8275e+02
   6.3018e+02
   7.9707e+02
   9.8336e+02
   1.1889e+03
   1.4138e+03
   1.6577e+03
   1.9206e+03
   2.2025e+03
   2.5031e+03
   2.8223e+03
   3.1601e+03
   3.5162e+03
   3.8905e+03
   4.2828e+03
   4.6930e+03
   5.1208e+03
   5.5662e+03
   6.0289e+03
   6.5086e+03
   7.0052e+03
   7.5185e+03
   8.0483e+03
   8.5942e+03
   9.1562e+03
   9.7338e+03
   1.0327e+04
   1.0935e+04
   1.1558e+04
   1.2196e+04
   1.2849e+04
   1.3515e+04
   1.4195e+04
   1.4889e+04
   1.5596e+04
   1.6316e+04
   1.7048e+04
   1.7793e+04
   1.8550e+04
   1.9318e+04
   2.0097e+04
   2.0888e+04
   2.1689e+04
   2.2500e+04
   2.3321e+04
   2.4152e+04
   2.4991e+04
   2.5840e+04
   2.6697e+04
   2.7562e+04
   2.8434e+04
   2.9314e+04
   3.0201e+04
   3.1094e+04
   3.1994e+04
   3.2899e+04
   3.3809e+04
   3.4724e+04
   3.5644e+04
   3.6568e+04
   3.7495e+04
   3.8426e+04
   3.9360e+04
   4.0296e+04
   4.1234e+04
   4.2174e+04
   4.3116e+04
   4.4058e+04
   4.5000e+04
   4.5942e+04
   4.6884e+04
   4.7826e+04
   4.8766e+04
   4.9704e+04
   5.0640e+04
   5.1574e+04
   5.2505e+04
   5.3432e+04
   5.4356e+04
   5.5276e+04
   5.6191e+04
   5.7101e+04
   5.8006e+04
   5.8906e+04
   5.9799e+04
   6.0686e+04
   6.1566e+04
   6.2438e+04
   6.3303e+04
   6.4160e+04
   6.5009e+04
   6.5848e+04
   6.6679e+04
   6.7500e+04
   6.8311e+04
   6.9112e+04
   6.9903e+04
   7.0682e+04
   7.1450e+04
   7.2207e+04
   7.2952e+04
   7.3684e+04
   7.4404e+04
   7.5111e+04
   7.5805e+04
   7.6485e+04
   7.7151e+04
   7.7804e+04
   7.8442e+04
   7.9065e+04
   7.9673e+04
   8.0266e+04
   8.0844e+04
   8.1406e+04
   8.1952e+04
   8.2481e+04
   8.2995e+04
   8.3491e+04
   8.3971e+04
   8.4434e+04
   8.4879e+04
   8.5307e+04
   8.5717e+04
   8.6110e+04
   8.6484e+04
   8.6840e+04
   8.7178e+04
   8.7497e+04
   8.7798e+04
   8.8079e+04
   8.8342e+04
   8.8586e+04
   8.8811e+04
   8.9017e+04
   8.9203e+04
   8.9370e+04
   8.9517e+04
   8.9645e+04
   8.9753e+04
   8.9842e+04
   8.9911e+04
   8.9961e+04
   8.9990e+04

