   9.8664e+00
   3.9426e+01
   8.8564e+01
   1.5708e+02
   2.4472e+02
   3.5112e+02
   4.7586e+02
   6.1847e+02
   7.7836e+02
   9.5492e+02
   1.1474e+03
   1.3552e+03
   1.5773e+03
   1.8129e+03
   2.0611e+03
   2.3209e+03
   2.5912e+03
   2.8711e+03
   3.1594e+03
   3.4549e+03
   3.7566e+03
   4.0631e+03
   4.3733e+03
   4.6860e+03
   5.0000e+03
   5.3140e+03
   5.6267e+03
   5.9369e+03
   6.2434e+03
   6.5451e+03
   6.8406e+03
   7.1289e+03
   7.4088e+03
   7.6791e+03
   7.9389e+03
   8.1871e+03
   8.4227e+03
   8.6448e+03
   8.8526e+03
   9.0451e+03
   9.2216e+03
   9.3815e+03
   9.5241e+03
   9.6489e+03
   9.7553e+03
   9.8429e+03
   9.9114e+03
   9.9606e+03
   9.9901e+03

