   9.8695e+00
   3.9476e+01
   8.8816e+01
   1.5788e+02
   2.4666e+02
   3.5514e+02
   4.8330e+02
   6.3112e+02
   7.9859e+02
   9.8566e+02
   1.1923e+03
   1.4185e+03
   1.6643e+03
   1.9295e+03
   2.2141e+03
   2.5181e+03
   2.8415e+03
   3.1841e+03
   3.5460e+03
   3.9271e+03
   4.3273e+03
   4.7465e+03
   5.1848e+03
   5.6419e+03
   6.1179e+03
   6.6127e+03
   7.1262e+03
   7.6583e+03
   8.2089e+03
   8.7779e+03
   9.3653e+03
   9.9710e+03
   1.0595e+04
   1.1237e+04
   1.1897e+04
   1.2574e+04
   1.3270e+04
   1.3983e+04
   1.4714e+04
   1.5462e+04
   1.6227e+04
   1.7010e+04
   1.7809e+04
   1.8626e+04
   1.9459e+04
   2.0309e+04
   2.1176e+04
   2.2058e+04
   2.2958e+04
   2.3873e+04
   2.4804e+04
   2.5751e+04
   2.6714e+04
   2.7692e+04
   2.8686e+04
   2.9695e+04
   3.0719e+04
   3.1757e+04
   3.2811e+04
   3.3879e+04
   3.4961e+04
   3.6058e+04
   3.7169e+04
   3.8293e+04
   3.9432e+04
   4.0583e+04
   4.1749e+04
   4.2927e+04
   4.4118e+04
   4.5322e+04
   4.6539e+04
   4.7768e+04
   4.9009e+04
   5.0262e+04
   5.1527e+04
   5.2803e+04
   5.4091e+04
   5.5391e+04
   5.6701e+04
   5.8022e+04
   5.9353e+04
   6.0695e+04
   6.2047e+04
   6.3409e+04
   6.4781e+04
   6.6162e+04
   6.7553e+04
   6.8952e+04
   7.0361e+04
   7.1778e+04
   7.3203e+04
   7.4637e+04
   7.6078e+04
   7.7528e+04
   7.8984e+04
   8.0449e+04
   8.1920e+04
   8.3398e+04
   8.4882e+04
   8.6373e+04
   8.7870e+04
   8.9373e+04
   9.0881e+04
   9.2395e+04
   9.3914e+04
   9.5438e+04
   9.6966e+04
   9.8499e+04
   1.0004e+05
   1.0158e+05
   1.0312e+05
   1.0467e+05
   1.0622e+05
   1.0778e+05
   1.0933e+05
   1.1089e+05
   1.1245e+05
   1.1402e+05
   1.1558e+05
   1.1715e+05
   1.1872e+05
   1.2029e+05
   1.2186e+05
   1.2343e+05
   1.2500e+05
   1.2657e+05
   1.2814e+05
   1.2971e+05
   1.3128e+05
   1.3285e+05
   1.3442e+05
   1.3598e+05
   1.3755e+05
   1.3911e+05
   1.4067e+05
   1.4222e+05
   1.4378e+05
   1.4533e+05
   1.4688e+05
   1.4842e+05
   1.4996e+05
   1.5150e+05
   1.5303e+05
   1.5456e+05
   1.5609e+05
   1.5761e+05
   1.5912e+05
   1.6063e+05
   1.6213e+05
   1.6363e+05
   1.6512e+05
   1.6660e+05
   1.6808e+05
   1.6955e+05
   1.7102e+05
   1.7247e+05
   1.7392e+05
   1.7536e+05
   1.7680e+05
   1.7822e+05
   1.7964e+05
   1.8105e+05
   1.8245e+05
   1.8384e+05
   1.8522e+05
   1.8659e+05
   1.8795e+05
   1.8930e+05
   1.9065e+05
   1.9198e+05
   1.9330e+05
   1.9461e+05
   1.9591e+05
   1.9720e+05
   1.9847e+05
   1.9974e+05
   2.0099e+05
   2.0223e+05
   2.0346e+05
   2.0468e+05
   2.0588e+05
   2.0707e+05
   2.0825e+05
   2.0942e+05
   2.1057e+05
   2.1171e+05
   2.1283e+05
   2.1394e+05
   2.1504e+05
   2.1612e+05
   2.1719e+05
   2.1824e+05
   2.1928e+05
   2.2031e+05
   2.2131e+05
   2.2231e+05
   2.2329e+05
   2.2425e+05
   2.2520e+05
   2.2613e+05
   2.2704e+05
   2.2794e+05
   2.2882e+05
   2.2969e+05
   2.3054e+05
   2.3137e+05
   2.3219e+05
   2.3299e+05
   2.3377e+05
   2.3454e+05
   2.3529e+05
   2.3602e+05
   2.3673e+05
   2.3743e+05
   2.3810e+05
   2.3876e+05
   2.3941e+05
   2.4003e+05
   2.4063e+05
   2.4122e+05
   2.4179e+05
   2.4234e+05
   2.4287e+05
   2.4339e+05
   2.4388e+05
   2.4436e+05
   2.4482e+05
   2.4525e+05
   2.4567e+05
   2.4607e+05
   2.4645e+05
   2.4682e+05
   2.4716e+05
   2.4748e+05
   2.4779e+05
   2.4807e+05
   2.4834e+05
   2.4858e+05
   2.4881e+05
   2.4901e+05
   2.4920e+05
   2.4937e+05
   2.4952e+05
   2.4964e+05
   2.4975e+05
   2.4984e+05
   2.4991e+05
   2.4996e+05
   2.4999e+05

