   9.8688e+00
   3.9465e+01
   8.8761e+01
   1.5771e+02
   2.4623e+02
   3.5425e+02
   4.8166e+02
   6.2834e+02
   7.9413e+02
   9.7887e+02
   1.1824e+03
   1.4045e+03
   1.6449e+03
   1.9035e+03
   2.1799e+03
   2.4739e+03
   2.7852e+03
   3.1134e+03
   3.4584e+03
   3.8197e+03
   4.1969e+03
   4.5897e+03
   4.9978e+03
   5.4206e+03
   5.8579e+03
   6.3091e+03
   6.7738e+03
   7.2515e+03
   7.7419e+03
   8.2443e+03
   8.7583e+03
   9.2835e+03
   9.8192e+03
   1.0365e+04
   1.0920e+04
   1.1484e+04
   1.2057e+04
   1.2638e+04
   1.3225e+04
   1.3820e+04
   1.4420e+04
   1.5026e+04
   1.5637e+04
   1.6252e+04
   1.6871e+04
   1.7493e+04
   1.8118e+04
   1.8744e+04
   1.9372e+04
   2.0000e+04
   2.0628e+04
   2.1256e+04
   2.1882e+04
   2.2507e+04
   2.3129e+04
   2.3748e+04
   2.4363e+04
   2.4974e+04
   2.5580e+04
   2.6180e+04
   2.6775e+04
   2.7362e+04
   2.7943e+04
   2.8516e+04
   2.9080e+04
   2.9635e+04
   3.0181e+04
   3.0717e+04
   3.1242e+04
   3.1756e+04
   3.2258e+04
   3.2748e+04
   3.3226e+04
   3.3691e+04
   3.4142e+04
   3.4579e+04
   3.5002e+04
   3.5410e+04
   3.5803e+04
   3.6180e+04
   3.6542e+04
   3.6887e+04
   3.7215e+04
   3.7526e+04
   3.7820e+04
   3.8097e+04
   3.8355e+04
   3.8596e+04
   3.8818e+04
   3.9021e+04
   3.9206e+04
   3.9372e+04
   3.9518e+04
   3.9646e+04
   3.9754e+04
   3.9842e+04
   3.9911e+04
   3.9961e+04
   3.9990e+04

