   9.8694e+00
   3.9475e+01
   8.8810e+01
   1.5786e+02
   2.4661e+02
   3.5504e+02
   4.8312e+02
   6.3082e+02
   7.9811e+02
   9.8493e+02
   1.1913e+03
   1.4170e+03
   1.6622e+03
   1.9267e+03
   2.2104e+03
   2.5133e+03
   2.8354e+03
   3.1765e+03
   3.5366e+03
   3.9155e+03
   4.3132e+03
   4.7295e+03
   5.1645e+03
   5.6179e+03
   6.0896e+03
   6.5796e+03
   7.0877e+03
   7.6138e+03
   8.1578e+03
   8.7195e+03
   9.2987e+03
   9.8955e+03
   1.0509e+04
   1.1141e+04
   1.1789e+04
   1.2454e+04
   1.3135e+04
   1.3834e+04
   1.4548e+04
   1.5279e+04
   1.6025e+04
   1.6788e+04
   1.7566e+04
   1.8359e+04
   1.9168e+04
   1.9991e+04
   2.0830e+04
   2.1683e+04
   2.2550e+04
   2.3431e+04
   2.4327e+04
   2.5236e+04
   2.6159e+04
   2.7095e+04
   2.8044e+04
   2.9006e+04
   2.9981e+04
   3.0967e+04
   3.1966e+04
   3.2977e+04
   3.4000e+04
   3.5033e+04
   3.6078e+04
   3.7134e+04
   3.8200e+04
   3.9277e+04
   4.0363e+04
   4.1460e+04
   4.2566e+04
   4.3681e+04
   4.4805e+04
   4.5938e+04
   4.7079e+04
   4.8228e+04
   4.9385e+04
   5.0550e+04
   5.1722e+04
   5.2901e+04
   5.4087e+04
   5.5279e+04
   5.6477e+04
   5.7681e+04
   5.8890e+04
   6.0105e+04
   6.1324e+04
   6.2549e+04
   6.3777e+04
   6.5009e+04
   6.6246e+04
   6.7485e+04
   6.8728e+04
   6.9973e+04
   7.1221e+04
   7.2471e+04
   7.3723e+04
   7.4977e+04
   7.6231e+04
   7.7487e+04
   7.8743e+04
   8.0000e+04
   8.1257e+04
   8.2513e+04
   8.3769e+04
   8.5023e+04
   8.6277e+04
   8.7529e+04
   8.8779e+04
   9.0027e+04
   9.1272e+04
   9.2515e+04
   9.3754e+04
   9.4991e+04
   9.6223e+04
   9.7451e+04
   9.8676e+04
   9.9895e+04
   1.0111e+05
   1.0232e+05
   1.0352e+05
   1.0472e+05
   1.0591e+05
   1.0710e+05
   1.0828e+05
   1.0945e+05
   1.1061e+05
   1.1177e+05
   1.1292e+05
   1.1406e+05
   1.1520e+05
   1.1632e+05
   1.1743e+05
   1.1854e+05
   1.1964e+05
   1.2072e+05
   1.2180e+05
   1.2287e+05
   1.2392e+05
   1.2497e+05
   1.2600e+05
   1.2702e+05
   1.2803e+05
   1.2903e+05
   1.3002e+05
   1.3099e+05
   1.3196e+05
   1.3290e+05
   1.3384e+05
   1.3476e+05
   1.3567e+05
   1.3657e+05
   1.3745e+05
   1.3832e+05
   1.3917e+05
   1.4001e+05
   1.4083e+05
   1.4164e+05
   1.4243e+05
   1.4321e+05
   1.4397e+05
   1.4472e+05
   1.4545e+05
   1.4617e+05
   1.4686e+05
   1.4755e+05
   1.4821e+05
   1.4886e+05
   1.4949e+05
   1.5010e+05
   1.5070e+05
   1.5128e+05
   1.5184e+05
   1.5239e+05
   1.5291e+05
   1.5342e+05
   1.5391e+05
   1.5438e+05
   1.5484e+05
   1.5527e+05
   1.5569e+05
   1.5608e+05
   1.5646e+05
   1.5682e+05
   1.5716e+05
   1.5749e+05
   1.5779e+05
   1.5807e+05
   1.5834e+05
   1.5858e+05
   1.5881e+05
   1.5902e+05
   1.5920e+05
   1.5937e+05
   1.5952e+05
   1.5964e+05
   1.5975e+05
   1.5984e+05
   1.5991e+05
   1.5996e+05
   1.5999e+05

